0.9714722330377895
0.12810495867704674
0.8027379540141137
0.8648328587432355
0.5616558766960545
0.46402486009268484
0.959083391314476
0.006093165904196396
0.7422195372579707
0.06996176431585233
0.8057936657962895
0.8599266335772167
0.7956472797088745
0.961286223227709
0.6885108925528495
0.0012807851385554514
0.6995468767521692
0.7849432546101521
0.6342724403949849
0.7938111505793912
0.23959230562040001
0.6423790608444939
0.9379544401821521
0.8935072965272779
0.7650495217591258
0.2051875479639338
0.5664738070736542
0.39257870438306874
0.5676520392416321
0.48609820685454297
0.13135550200572754
0.8937398576411367
0.7868906062427486
0.9037242626796419
0.3780257051372935
0.4746977791890592
0.17462777922927397
0.4345567409358889
0.9999031769903108
0.5903671583655012
0.23891188809640618
0.04001440587909222
0.11626813463884522
0.853225960375147
0.9834716984951182
0.12093397879259604
0.8659457520151744
0.10489167787085629
0.37824458745129763
0.9462606709489839
0.2474512152064089
0.07589364496432927
0.3192341330026357
0.21033689929817978
0.9726055287022116
0.3093088514381812
0.9973706397056957
0.3378350411826756
0.6215335059148341
0.2686444373581678
0.5576997126546159
0.8516201369797454
0.17701153285629845
0.686321475941035
0.2071341634238515
0.6934292227581933
0.2826850985783237
0.9570237752039085
0.7766856610464442
0.33305212859732014
0.8571100717766144
0.25721670726861845
0.33679073173214613
0.5511639632487357
0.38112384930944476
0.3269178760625169
0.24962932440972352
0.548826332340821
0.6639017928754454
0.5992890383589438
0.8150683087112188
0.898081999666312
0.9772654934799393
0.47851259849852557
0.6137182958120758
0.40079373973981836
0.8588502783285145
0.3209385091582181
0.4629112497841932
0.6795837141412749
0.5646922438856861
0.8690234846221238
0.831398370758426
0.25577439356443343
0.8442294975790895
0.7461658240207525
0.7256853570286733
0.9302227512507213
0.687479949394097
0.7362597465890213
0.23183588626523344
0.375286563836459
0.7236781435716799
0.10438500334368717
0.12031428656269871
0.11647925911239687
0.04671009394530434
0.0973671421771174
0.1122360658824223
0.07834660134061688
0.8129531609792132
0.424987272056626
0.732571468686986
0.07568474767227096
0.2352048888941919
0.5912238666012181
0.2511591683528147
0.10284563331004049
0.8015055587580521
0.26313607917576465
0.28127710943672213
0.006011847560583927
0.14718771198809166
0.43317758914964666
0.7337039855995031
0.2236118700244608
9.908300762540012e-05
0.26516269572479356
0.7684944886969414
0.6051730464536316
0.35498745135944
0.47140880310565814
0.6795631677164902
0.5492435538998149
0.8514130536956419
0.8772371373597647
0.03240365068188378
0.8321022510453773
0.7193428652691922
0.09821897262645918
0.5638359606433566
0.49717521753004357
0.9608964641928421
0.03330589850157584
0.963519317967244
0.869590971080655
0.384191693498509
0.28702969884464213
0.7272509502532036
0.8466096318249196
0.7638515375081063
0.6141927421714951
0.9595855539927491
0.5906172728068305
0.6822067151727652
0.8193242866448737
0.8743879140782336
0.6837681092438758
0.15547701764644373
0.3554008498767942
0.013775158652978736
0.940618995344199
0.06998350096413475
0.20090837682481144
0.1619967955444349
0.21431550332076588
0.7274338403643301
0.21652472881228668
0.9906307318657975
0.02440032995409791
0.7257104220018512
0.2475657042081124
0.5694332863117899
0.7515368879994698
0.13029936055729718
0.6573933549982404
0.23485424189588733
0.12687885964620882
0.8070884311496624
0.5932205283308664
0.7674245373449569
0.49662884475843794
0.1196240625285705
0.7378060240794886
0.17311285018935563
0.7905935200668172
0.08452764117051714
0.23270341950575069
0.12514029153429262
0.14040990705398737
0.3154388505192157
0.18616736896679542
0.36459806271528095
0.39478680043913283
0.8546305652953724
0.11605357189897003
0.21787617294852946
0.584532995446259
0.5706335084014107
0.06481793563488025
0.49283001339207655
0.37399326255866294
0.11407097746288852
0.5749254563054769
0.47166383061095996
0.5689267407338073
0.24403704035993024
0.9270611812231297
0.6780959592136717
0.4108000913935844
0.8269709034673647
0.22183909735279084
0.5394319212408101
0.7064520741998123
0.22797309771840713
0.026230961656044882
0.24868789850148043
0.852076012413722
0.9709315516137403
0.20213730893734094
0.8579310824018928
0.5909009408519496
0.7321859292225519
0.9211783332326469
0.06199840080764207
0.050032849661221124
0.7918657780370904
0.3396788937678149
0.013432785617257914
0.8514934952765671
0.72046822970921
0.052562994669916985
0.5996473824444982
0.2595045638992486
0.42762830388397155
0.7071532187641667
0.7426065683420566
0.06967957718900841
0.07029206147971623
0.1995548852949408
0.06999541009312615
0.6027106418818208
0.6635820916071972
0.7933085813376693
0.4488213542529714
0.5563328105736851
0.06972314299682392
0.7020406641146181
0.4436215417721041
0.5053758557683832
0.9743489138272762
0.5461880560728719
0.16543512842040375
0.021401922655571948
0.7399669106916288
0.5450658859457086
0.37806027313251844
0.8158765806017403
0.7941132995308321
0.7673230860436125
0.6997323281803454
0.7524022702468546
0.61759996858506
0.2096828744127749
0.3947818405313497
0.7562937998580908
0.26652624684453285
0.20356351415529084
0.8953284921262017
0.9003660995472998
0.34752670999759205
0.3376989794978924
0.15027767222319233
0.48307981724741866
0.19734084618222736
0.2807147017325954
0.4446758967820946
0.11823751907725732
0.8949611035413657
0.971322389486814
0.7496459239828015
0.8759232161909132
0.8200231303070112
0.5074334640755898
0.7104896325448875
0.874288406664884
0.2925599126277618
0.7961681454578762
0.9003717653811091
0.054790093125340555
0.8329850356703828
0.051729646094933135
0.2593715876855156
0.6680664590183468
0.4044898051629303
0.8397613879033093
0.48739944379256017
0.36574950585355637
0.6176621670838125
0.36531667174720084
0.4408785886093701
0.13741909529380603
0.7220546380847505
0.7753674131275672
0.7433809353062477
0.2013677901207872
0.9120972844362096
0.9006216641143148
0.6780279027032826
0.36468162763435874
0.6006604156948235
0.9162938731477959
0.8186425183106721
0.5448321760398722
0.04798255138305185
0.18093486471382503
0.902371060553335
0.6379765282370198
0.832348739815143
0.3304027948135121
0.6239483520650779
0.40627634302766114
0.8576026093016177
0.973579789802048
0.2207797504507104
0.8858701343647564
0.5569838621190877
0.6869606183033967
0.2384243768880252
0.3528892836692915
0.24630940328968698
0.07391128146661485
0.29899091501970254
0.5339277649209532
0.19386062546603466
0.5559359254513098
0.6553926738908794
0.24076242527624625
0.15732460037939977
0.06800216807465942
0.10693349060736146
0.7539019125167251
0.5942079745789299
0.38332001155615925
0.879312747367503
0.6329741566739006
0.46660420292966154
0.5314348153187963
0.9226786255594382
0.8426574105764577
0.1380001970503999
0.5787402222378332
0.5774016898062737
0.8589334329236419
0.7462272475618792
0.9087856086861744
0.862695116163472
0.5900353053773209
0.675634387957514
0.10034007846405024
0.056181614642418665
0.03737295357607118
0.963376531896152
0.3769423306855021
0.34466934269409943
0.03360623766867532
0.09806246766322824
0.36149292831364743
0.3779607826813528
0.5843993459842506
0.4375026850314755
0.4665504439540259
0.4201258868367189
0.8373808451801392
0.8525614107109307
0.5191309194437914
0.4028287648245471
0.7480016234362142
0.7337934721921351
0.18196109139644512
0.9138886466450674
0.07634667428545139
0.10234086992500357
0.7587531040126982
0.6830819775960106
0.3024175236340022
0.6614278691851001
0.9386903463235909
0.10580471079196241
0.46242712132727903
0.8521177529127022
0.4853968579582738
0.7319719846882602
0.29755023431916605
0.548025015240698
0.8625914996233419
0.2040206286000319
0.32939590116855455
0.7679148369221341
0.10093420809673515
0.2920832502148111
0.23877000700752393
0.8961844336431295
0.561646031170253
0.4773512488341075
0.6639947562154507
0.77668122326589
0.725123453250405
0.9795109377697008
0.0007138833252146037
0.6335613813238707
0.9361144684897678
0.1796196062801526
0.10028599983193742
0.6303844148301593
0.6121050766167042
0.8099544162340151
0.6686755153066328
0.9418846006468512
0.4369233580707014
0.92929730793579
0.5988537956901568
0.677642380201755
0.0674569979876829
0.039821650676177156
0.684502345132332
0.7892399666401854
0.7013859215039937
0.027605329067215134
0.035044733250028104
0.44558973458574347
0.1004017088066641
0.239864516848738
0.6667785968791713
0.4843381368058104
0.9547449368261671
0.6379672975000241
0.578039740649408
0.9208147896290326
0.823713123742197
0.2416869137597204
0.23640958093392073
0.7489658483475016
0.08174319961353382
0.18698282346652872
0.05210627736966078
0.7415343498044195
0.17973613009671108
0.7626483744298116
0.630556625933495
0.45955388270921516
0.34747257794983855
0.29569994214742956
0.030237194414289847
0.9146344234559297
0.17683055357537592
0.8509548026638032
0.5258527317721297
0.022244052128223668
0.9761372393491948
0.07450834949835017
0.125677825559652
0.5964555683858574
0.4993317247068437
0.45805632370606464
0.12299502706925858
0.9123627846725462
0.9268397282799923
0.15708722003460696
0.13583495282150004
0.007864241709207076
0.07394618910043871
0.30746496580933735
0.49275715125496766
0.720838079620251
0.3896394978097727
0.9784012462165589
0.8678184873687218
0.4106338101581676
0.7598497893793118
0.1338222836277817
0.37978128114878285
0.7884019978986175
0.49539937518946586
0.2549694558651405
0.6792725445850462
0.47246629713768484
0.22912721368872013
0.756170346891593
0.6483640244865623
0.13890173930995864
0.9303411700767784
0.3737495188174411
0.12347054072676944
0.03502461883443708
0.7289677116899205
0.8319528453689313
0.7442175241078578
0.6003005178972963
0.51644628849799
0.7115017258594791
0.07769451053796628
0.8928404680319214
0.40141714973606446
0.12183293711583598
0.25921615341432824
0.6671640286122822
0.6252875981187077
0.6259232658988431
0.5774360424235989
0.16481706442815625
0.8294168152143528
0.12262365056836266
0.7264448938707283
0.34488141251199045
0.9295656121022897
0.6161147480204757
0.033717248979128533
0.27870122345533765
0.5796197071005059
0.9407326135624444
0.8647618240124406
0.6906420503397424
0.06758808500883584
0.6367259478101646
0.9090102831255722
0.8167630171078075
0.7806326882312897
0.7535246197481613
0.0843034652399075
0.577710983004134
0.0885978768315594
0.5913837312086727
0.6772891815869098
0.7793938572789302
0.9698337066953273
0.7684327681097923
0.98632853553582
0.8510128917332141
0.3542307558305404
0.20759415338189358
0.055491334767924894
0.47506130819325476
0.5439756238625345
0.9817608903115044
0.9740282578061321
0.09104689605108407
0.5340161166961507
0.24708384423090168
0.09497947130248352
0.7998881825781089
0.38711277728818116
0.66244932865008
0.5047908594950251
0.780536416589622
0.8607487900943858
0.6824537432902421
0.569292626532693
0.7910978188950557
0.5631325137316756
0.4423388124272025
0.05498723897124247
0.9722734327718147
0.25298175289087277
0.19204038717747696
0.9042777394248095
0.28608004890825445
0.03792746048157791
0.22027930069041812
0.6351260372759436
0.12688243899117047
0.07530768633024831
0.0037935666884990615
0.6172643069339538
0.4279522551644319
0.03512104326078269
0.9773380126890804
0.6389067620422241
0.8722043281980908
0.6634557062756782
0.7639294452647025
0.9009773788152482
0.7146759639857452
0.5240374536963702
0.5248645415141796
0.40021184540550003
0.1382969156499101
0.7945185937885911
0.2479377449958894
0.4593937409910398
0.4022944391016908
0.8342668249184563
0.6893129843958803
0.98178736471845
0.972856448072634
0.6696885017021933
0.09283558980065376
0.00604131963872323
0.12444435912514551
0.31102038569222346
0.8183751786843216
0.2894281090063957
0.2046386631528786
0.4126634089942932
0.08233817559933099
0.1769417545104075
0.39657940263387514
0.11339733168134258
0.4255209144539277
0.6040831399489504
0.5558256808349423
0.7445032914856404
0.4528321574042048
0.7672308337865179
0.4234673076650083
0.6749604824799077
0.021358555674148794
0.640401575183577
0.8313788419371889
0.07214623500890205
0.02228936126168879
0.9828792767394094
0.04110738237749145
0.9228183221423689
0.7825536731544536
0.5386321664072972
0.9808020225909211
0.24609402595155916
0.562335423084156
0.586907776609739
0.25434462199995556
0.6159594949026591
0.5865488039686861
0.2713264889998652
0.4622997337866629
0.9922753490168247
0.7699597562662298
0.7464459880289057
0.9147110823598549
0.20923501307217496
0.02972091370901586
0.4747851905513578
0.8089285902858157
0.9257937671961189
0.4483951280991959
0.5009836993678821
0.7157513111744588
0.8702796684939461
0.783583135757389
0.6145500466284596
0.3101516610783023
0.989090339809284
0.09263248020959236
0.27208989500088543
0.5814874328104747
0.07496062280685323
0.32808249982353055
0.1305730964027194
0.3242007168047175
0.2111482279308612
0.1888108485977371
0.16816308456823315
0.27563208790349103
0.008956539416665077
0.8767392133860205
0.03416933694665991
0.2684357651783207
0.9623526063956774
0.7763294418086243
0.21051712066035133
0.2658158192154234
0.42877802200751114
0.989917337472223
0.0607250753276507
0.3745461489749281
0.24435123778439471
0.6936731561518307
0.5678648831841842
0.2983331315175999
0.8752555150253074
0.3086749215710147
0.120792026279394
0.8496440921753368
0.4649132636884814
0.7422022483060742
0.8369332692773516
0.31356340817592765
0.5713758436195957
0.335740897225532
0.3254120353064215
0.9397412514759346
0.024598263976696066
0.6286256459367809
0.8618117550361809
0.1783219613672241
0.5187495587747559
0.36892106634532373
0.781064112303983
0.5812973796842472
0.9990506415723023
0.5621567450770895
0.06992573753785025
0.4171704194936209
0.417812196575183
0.4882754453131003
0.8688764617705979
0.8673548622509719
0.13393916232406233
0.36353470863961246
0.8169977590670191
0.9538314482344707
0.43330978501946693
0.3918225224759808
0.9807258398959653
0.17875845698126003
0.9568946973865313
0.8803623578404596
0.7705414243398793
0.5103110216312935
0.5217099447977933
0.014150160091936925
0.784814144310388
0.5725213326637411
0.9994185379885097
0.5346170409604438
0.48667956113718347
0.6946141540714041
0.32427148057269684
0.4090447261877872
0.8546103538879207
0.9798268340772854
0.7254595441628264
0.621768232661748
0.5066934978461494
0.5531041747137365
0.12657294420298526
0.721829922951173
0.23794905419563583
0.6655788671370573
0.8299387741526457
0.5889369305310816
0.38707566237548463
0.7264175409510507
0.7150695645827823
0.4613321460755564
0.18338300973021937
0.4727127350516652
0.9513300699454553
0.4266510205531363
0.7923774510622149
0.13824861240579123
0.5660344980616233
0.23483531134018298
0.028111704452136066
0.24069583165580144
0.18458459280420147
0.8397800051033024
0.785615841407601
0.022780799001548613
0.5289780271429851
0.9073371236811162
0.8137951443909567
0.3630233812367424
0.6163092305236882
0.2744186093721277
0.07797711863883205
0.5957452509301678
0.5253425728766081
0.7559431464321735
0.9098160209106343
0.8015029547122652
0.6375561836496694
0.3311093860107964
0.9428988666375092
0.201814401590802
0.5303803107341954
0.5442364074838335
0.9838176135734822
0.21775109929441194
0.2550518439406092
0.009503414347447725
0.2972696557482324
0.39666001362357306
0.45521706661249817
0.9601272021884797
0.5318027863489012
0.7810480799571232
0.3159853234936585
0.4146180319293181
0.45761280034709173
0.3870375757640635
0.7660690565318311
0.5072118873785951
0.16134686486315308
0.2582707454251545
0.06122891347753978
0.4884698425982483
0.4319513741078871
0.48307006225578986
0.22403824375486125
0.7794777725624702
0.22576632098269978
0.02643082047142964
0.08404347987374672
0.6851950948832579
0.5678634061445876
0.04641986417591859
0.5641425719589203
0.18456322401208247
0.39924669499745513
0.6667293191344884
0.09039999487889294
0.8664798543037072
0.6553835630026942
0.3883442324719689
0.6974171236943637
0.13087075005820858
0.5296308020383226
0.015015322987485757
0.16452102171874805
0.4306409163173026
0.30616585773174665
0.2687672817677965
0.29837206633086755
0.878105670853372
0.2100468562586889
0.7076438728512151
0.6947619787018321
0.5389447916359454
0.7827645160318076
0.5059777290108757
0.6610235068482521
0.938651812467292
0.7710040563901391
0.7057376931814312
0.26261817976934776
0.8364356357998183
0.7676787026846783
0.22243325687881965
0.014469550975809264
0.2494084873441208
0.30359155354280287
0.8200559449423621
0.3958066824873435
0.855085343786943
0.2589301857820021
0.15252877157600508
0.17256320943562475
0.48925253066676255
0.40509381718817805
0.22753458897443102
0.4901737570105734
0.5037250177769877
0.14540253841204287
0.10792156438464628
0.49497665373700006
0.8013788570839088
0.7534756597644516
0.33155465118284266
0.33446722809342466
0.49722767779493227
0.2882519870947977
0.7992452580132279
0.2198662418127192
0.2948186295135585
0.7841259560407366
0.14054298661597464
0.5777596233406991
0.6390813457337526
0.6906235510155486
0.28648940041589244
0.8851161689636671
0.04042455455936278
0.7934320566883053
0.702007988003727
0.13713725773681817
0.981298158935213
0.2913642306246811
0.6523835993539158
0.43102240154037463
0.179621114579383
0.1560630643718982
0.41613197017298575
0.15537333277328402
0.4474943336506447
0.043168376768172756
0.10077636710574289
0.8684590748407098
0.5927364938406238
0.9951087750432419
0.5148945393380877
0.16393456583120947
0.29400383999582735
0.9147481365720784
0.3603752483789373
0.9778401669558077
0.09307691178348698
0.5047118502148048
0.6237662086500807
0.14845676160727272
0.9490043124030466
0.09094772476616819
0.2598636629162535
0.6781902904613932
0.4522781592808093
0.18748185523034278
0.9427601408633952
0.6309108681792303
0.7543883935542806
0.07642342636523936
0.6823885445245763
0.13676810047680354
0.5724704260325135
0.8539427296843131
0.9066800012023322
0.7940312118029167
0.8818099387785294
0.9915435764102611
0.14406459573507202
0.3294752100011925
0.5225124013844269
0.41034877456467667
0.39748647786692326
0.2004745318475175
0.04238913715730097
0.028616122738554184
0.5657135063896527
0.01126722364100119
0.9694318863539572
0.16974492966069699
0.8822983233673242
0.15018483573527597
0.14052546467831317
0.4528829964069724
0.649234283274679
0.9208430211492061
0.37948944949064345
0.27998378279234515
0.6590338890772224
0.5658069179494202
0.4431411469389066
0.9293406958872948
0.5537191794594898
0.9087698381420076
0.08731352814243287
0.39951235958343845
0.7142980588181088
0.01774601501985973
0.6973539136780023
0.033346456153545256
0.4389333877588283
0.5107070648647564
0.8739251421833368
0.39862233385440693
0.5580281824617298
0.2515114067150992
0.8594732353686855
0.5852331307186273
0.9625829275782412
0.5279169949676716
0.7962474675862258
0.9026526316779792
0.6594630687244597
0.34029120037189764
0.6957508278641481
0.5755332341440937
0.211498060368557
0.4790856645853514
0.7183477310274111
0.11138649552050472
0.6495447861816381
0.2754773872701557
0.10817942130587666
0.6786456063377154
0.019556640315171014
0.23663600806491958
0.0635165300424766
0.5091096228151935
0.48112527944329986
0.4373361697670105
0.7020655364257207
0.9713787811835647
0.027607995754158954
0.3677790868041825
0.6353318569062788
0.8603199168540597
0.8488212626544436
0.7606991093860639
0.3188224993983759
0.1099428681324609
0.9069227025343379
0.48305687746656145
0.08032291726425045
0.8050436757229803
0.5947018795048201
0.4577987661471308
0.4341198599800806
0.7852597415800682
0.3998023270107398
0.07705220559363024
0.14335521828620768
0.5997976829666807
0.806709850844206
0.04398892678998245
0.692464974825225
