0.8463702418016275
0.8947445511509725
0.21207714419860324
0.4166422020020457
0.715481823754103
0.12000109866515285
0.07974716202592769
0.12230925830748185
0.31002722064609123
0.45867558670894915
0.6029351110088922
0.09739909705978811
0.9341059181078044
0.13468846016512803
0.09660033980171545
0.8767676801571148
0.6617089327694855
0.1659540747206687
0.12967646803491983
0.4570124379110544
0.9535865846136055
0.734516405126399
0.04083782019966209
0.19842784969706684
0.9077401503109708
0.6230401762905364
0.8622738450379911
0.6811678747419172
0.5804787736342782
0.4799457385784097
0.3065685882395569
0.34213955420947395
0.44032213953053945
0.44442176204199
0.3909214210755916
0.8377557333616762
0.25624711388366805
0.21310943188369125
0.45350066565710545
0.49851327429086534
0.9705044757310172
0.5475002290544126
0.7862509262530273
0.0524364557800181
0.3352962390644548
0.9514351821230728
0.34262566505737624
0.8449484216708059
0.4022972354290778
0.9125119270605724
0.15163534569528958
0.06524871749794148
0.20828460003225668
0.11901072289736747
0.48713835595384647
0.8915678431673077
0.31208736992941677
0.7330128328455459
0.18906721952494154
0.8999233723035718
0.5141050598556386
0.23655953189488266
0.4096273487464598
0.9312256228401362
0.7328444643728711
0.28558828823042215
0.7915949676982004
0.057326139134704635
0.2800550979548191
0.4134389977952334
0.5177659771076041
0.8250200666570173
0.4795519302584078
0.8008745154160796
0.2611034065606471
0.35449961103608085
0.9731436641036547
0.11500747229972974
0.8686274092536082
0.7812645863028712
0.6972700691307401
0.9603841883817545
0.5606620732055229
0.6632576571568637
0.6403931240023545
0.16520384018327727
0.3418946928124681
0.28055995907188025
0.09931652755937737
0.34904900448389653
0.26387996932401614
0.7398200617198806
0.8798098828020741
0.995103326926009
0.5506941064925608
0.3622550936383996
0.6546176071071644
0.8358254695027426
0.32169817548168833
0.09944133297621305
0.775814572494784
0.14027563133623033
0.6872543578544851
0.0303815230177229
0.8264198966223641
0.0020958129474685228
0.10383083230683543
0.4716211961809247
0.8988534542312253
0.9048168915569724
0.9166159909875025
0.9933393884313422
0.5112454941383451
0.2594780447760183
0.8261637735637839
0.4292614996099756
0.3640726949692755
0.3565214792968959
0.33205597466426673
0.8830077473269149
0.9142194158564211
0.888967921274232
0.1735099163116235
0.48332646125264034
0.16688666352461112
0.013822396953488969
0.2095568883263692
0.7053515947014979
0.4936432489086111
0.09557023356061656
0.08829030103792745
0.21342210663345118
0.7609349325007944
0.8475647395793594
0.41711659393030465
0.40663995358170246
0.5380759342755672
0.7276706624570068
0.11674197274124509
0.6569145378025357
0.23173766204929225
0.3621299610208437
0.32865182116045766
0.1347684307110194
0.3429047415531187
0.9695118620046905
0.3063496360691582
0.45410926387218353
0.9988699555247932
0.2004589130360639
0.9845156455944305
0.5970747699437667
0.05296004447565639
0.8605976760950153
0.5592929117175687
0.2600017627029263
0.6041486957982021
0.969466447844849
0.07807552682330432
0.6675014302195089
0.08750429624210487
0.1409010956433212
0.34265905276152875
0.5440397835712278
0.39303976233782967
0.9385922971927462
0.1431660109675792
0.20875931540699566
0.7527981608701597
0.9574114001706996
0.8372219362176795
0.32802228268119216
0.6056016428342269
0.5764247808126545
0.8873691425651773
0.46858648332806196
0.4840136033883441
0.8041165651310578
0.16124243507857672
0.8249924656594206
0.49474974413343864
0.534522038257331
0.5933496050081359
0.6667481592629498
0.7170264246481335
0.9441759727479787
0.1275588383724272
0.43973067992552417
0.10006229730866778
0.9636738497172528
0.2825292689597151
0.6614967761684317
0.867450490597646
0.17820465461456025
0.2561838923130201
0.7629780170873
0.7550925798090247
0.012246497272730084
0.03671568600594599
0.6035776326441057
0.23219619865399588
0.7048166473334483
0.8910705269666847
0.8522127123727444
0.052105159212761265
0.11465751458100637
0.2115590612503231
0.9081503140915157
0.3177860841951573
0.8869775849756345
0.6464176537069715
0.12646326196104196
0.6658773808839535
0.8593620100353793
0.8700911087759468
0.4226004222852078
0.6514336843625878
0.476945083394096
0.6867300894760205
0.43603266673223906
0.3364654374545355
0.3958079906708991
0.5529462026274203
0.49788480649052436
0.599193043054296
0.8719208274616908
0.657320254616793
0.8484277023130264
0.2435974074159757
0.07174544868839283
0.42656018571181
0.39634362206677876
0.8283903889602
0.8066989904936626
0.21550552143031565
0.6514297777538351
0.5387978428025214
0.587685418771574
0.4162455963524675
0.8373965064191915
0.6990965629191914
0.0014476045322752151
0.04816388290132212
0.6241387713369163
0.895320288564827
0.08732573720156334
0.8083230506616785
0.8654818764133578
0.827408836638983
0.1556782202339022
0.9872204746859199
0.2713672194971415
0.551352928609288
0.5878372487355775
0.793757181836584
0.729893871158414
0.4252159843067921
0.18189693721270261
0.4548614727343434
0.320145167075673
0.13289965277611626
0.6886064215611818
0.14931972839369767
0.24525528959831067
0.255222866759667
0.10866074034921569
0.2728412860885857
0.4738355402969172
0.14451072513197472
0.5458252774367953
0.043290203551772044
0.9242272669101489
0.44146799382632884
0.39687063933821687
0.4169559735716851
0.5612221480213265
0.038565720480273846
0.6472278870932369
0.010488714770500396
0.18188169477385407
0.07932947111816391
0.535865136241757
0.5062165906953284
0.33069713761042663
0.9735460415781028
0.9709171986225879
0.7628524689328424
0.37291047654726206
0.9609818989853093
0.10170436083315137
0.6796044066884807
0.11013490120348601
0.8770334332091151
0.32856571397289347
0.6723615936185129
0.6460086289797399
0.29809473221986604
0.9976875115808054
0.8774938970331821
0.875870594411857
0.10036930542637146
0.8276589745166872
0.26488023176913633
0.283437211785716
0.3150794119162377
0.6383333834892677
0.5090081864018645
0.027739327812058123
0.10350914207212514
0.7394975000376779
0.9719432898675661
0.4322543950490919
0.615291157637954
0.10573929573355922
0.9667868292539833
0.12116591625181106
0.689185009863058
0.8272680682118585
0.08950895392203484
0.28504216720187847
0.13499299750364258
0.6490626510453282
0.26193917751824813
0.6584148014608305
0.6244959607560108
0.6290847869875368
0.7782119640992259
0.7022202555550838
0.8081407525181571
0.34024728382851865
0.8172782778004696
0.22447170253926196
0.7183338926294048
0.477396550611653
0.5962030677817002
0.1467096859902336
0.8379129926653036
0.2396188366166334
0.833793811923344
0.8330089067019203
0.6065555922618813
0.7223046849338888
0.82653653049542
0.19064975693345831
0.26428521050552234
0.4108246173278477
0.8652896276310001
0.9555462309917183
0.4775925389120086
0.17485097445553832
0.143308955878797
0.42577855260188113
0.3555422003633977
0.23266575469807327
0.9621094198114503
0.022059574221739875
0.6702299944095581
0.8859763389625657
0.9239195056673661
0.4370387757992231
0.3232690172143664
0.19600400905170234
0.8511737074713009
0.7647146628732564
0.1742842597413259
0.08880588054217642
0.3471443266701294
0.666594736315593
0.6238466569525478
0.9235143202949708
0.6756804636895679
0.36129768714971433
0.7179623277760115
0.9750143085648239
0.4082182826520028
0.15681591559504093
0.5239672422269576
0.05657950905039155
0.27617013697561965
0.7825258246204462
0.4064791969616852
0.45148721215405996
0.4537022414524534
0.6565934353342455
0.08893017474117115
0.06217191233530406
0.47118328907201146
0.6816550688044919
0.8081071855415474
0.8125663990039627
0.25996040749770466
0.6230388058593889
0.9005261806217223
0.7684101669794409
0.6320055706656627
0.2666028252863596
0.5968454460352289
0.6552290363495425
0.8808670731124906
0.2402069149515047
0.6534902093475857
0.9133604774761255
0.032354263739943434
0.9288343146438094
0.18576424358903698
0.7045733720590677
0.1607636423308728
0.5121706382866289
0.723514934818453
0.5491765566138264
0.7047941300860335
0.008440222694618527
0.5682953882303836
0.12279661121845198
0.9457823275147476
0.4944407310534179
0.6937771840213718
0.8538372326424464
0.027422912567533375
0.9553540736681458
0.7660065084552781
0.15878291185266602
0.034383625688294894
0.9714204022149012
0.712818459524459
0.058201380656197066
0.9657819789439619
0.2744669716851238
0.15520721028854545
0.6300729097490599
0.9699318604540326
0.4992951395828664
0.9986145557838684
0.46231887033280195
0.9040401884719235
0.01771987088514637
0.8605569447842903
0.8582646514462351
0.37517416880280985
0.6235138184609386
0.2641669533303196
0.8677100358193391
0.8033310786101405
0.8225370461116333
0.9779058240378631
0.8800086782989437
0.4191899318925023
0.5634598040045021
0.4958484058253141
0.7386000037086861
0.6520372496494027
0.46256849482744156
0.5803917698734573
0.9395567828939636
0.6136186891687393
0.07692622366665836
0.3464166140338314
0.22578856988652474
0.5997820739613079
0.6221924019481611
0.7697091773673931
0.855970884360107
0.666265218177622
0.7850032008946017
0.16685797768982835
0.8980209640119328
0.7969743562864804
0.1389142024779496
0.31434397081763255
0.940168561400911
0.8480582453259407
0.824640601778585
0.7746301062473291
0.7144726746039245
0.29161802381914703
0.3908852002206237
0.8291246995994549
0.4433356898292071
0.4769520991998165
0.46822791717777734
0.16444550206397535
0.9292590804829519
0.9156937931649219
0.0020855445278959994
0.7988002291816837
0.46680928637108754
0.662405713022356
0.854369859579052
0.024308174287359874
0.15134327375137735
0.6926584422474935
0.9399619924287287
0.9052280056289165
0.07542748827717549
0.3757511900280225
0.18886358475165832
0.9093911579324501
0.5164831351984371
0.7892163531090008
0.025861403571106667
0.3467642016754495
0.2920222523972469
0.5712813340588156
0.3453439107896811
0.8470850403376965
0.6192945607637883
0.6354216748482125
0.04180911767621831
0.8391971860136822
0.7063888082413999
0.0817730726881567
0.011583946557684688
0.7428955628756442
0.3957626865868872
0.48905056917234424
0.805249367582651
0.612413895748568
0.1392445933625911
0.2779152590443108
0.6312103328162362
0.15419738236915448
0.6034651808296406
0.6869393943204177
0.398179351131026
0.25791780762422345
0.06702129251147126
0.9096199097828948
0.05558056135370926
0.2998245134375377
0.299378088686421
0.21420697133188482
0.07780069446873417
0.4863316495612333
0.8672486973673449
0.7322303094491464
0.5776472017325406
0.09460445052825917
0.18425791111767442
0.5548696406603881
0.293411941293908
0.3679592885546654
0.13493981365700036
0.8180837674276172
0.45014512220489367
0.18690676309826448
0.7313514212563665
0.983215136039941
0.8782484736875693
0.6490730231436117
0.49372323750753455
0.9121446768578358
0.8033552555994831
0.4692184719292777
0.12416908388462267
0.12835210610142056
0.39871014970888297
0.8802047985967474
0.10719960238208803
0.6453209681447374
0.408942178638504
0.17161857481135145
0.2941509721540765
0.1722912749948593
0.19265282897461966
0.7950202606167319
0.358918623081638
0.2680684612747337
0.17720351023322645
0.7433647597978583
0.10620268336763505
0.9525037621012765
0.6339242091874574
0.8998769356516403
0.6288114217260662
0.398511934824479
0.03525882137685388
0.7017731282109402
0.2345334070669567
0.9717656184591591
0.24300399486524893
0.8850519756694669
0.37489039394383394
0.6468620686036431
0.9748210708485453
0.8277480328638662
0.6079322109593462
0.20176433544936112
0.9543370985860836
0.7536320137481723
0.6282203809441125
0.6083214213118544
0.45490592662518037
0.494768663929951
0.1999997278928497
0.4483529965458123
0.6642024630698401
0.6328735334457092
0.40976896644225225
0.14194615379452158
0.7054280577688666
0.4623513066056275
0.4313883660818837
0.7696868776271923
0.16152540809265492
0.20829370342708775
0.8503245697355863
0.15136739179491532
0.043290962400299726
0.04608801066135637
0.4546058524785762
0.70695493564272
0.2565067610003744
0.8633185728556266
0.02896787875828244
0.6565213253449875
0.5691150198315866
0.3006385900166747
0.9467260498937997
0.8743021500533462
0.3832857661626188
0.6769127270368762
0.09805226665073696
0.04242020982601702
0.18507054344074814
0.46698809224115867
0.44621460432701
0.5061542593293014
0.05338488255574403
0.6475633873491561
0.6273292185678567
0.9903515228335169
0.14928842290225874
0.4552454212787237
0.5400813502796419
0.3786801341132363
0.8600216315786763
0.2737694127009169
0.14028898227845232
0.2853247887509047
0.397682493114651
0.5510529280594388
0.5255717379279898
0.9003098060043726
0.35737272427972944
0.5160387705323828
0.8085908359870305
0.3700353971702022
0.32882430308414135
0.6837444613577445
0.2330202132028958
0.05591847203596889
0.7994475490647249
0.014297089450902134
0.3492134176130721
0.5486124868601369
0.4940463387278248
0.5495356187854036
0.23709578621657612
0.18156914479080788
0.6793236218180386
0.8534222053358311
0.8178598200127597
0.04939181897648304
0.4118830897891913
0.7322885235513357
0.9610583984129075
0.8651665991630912
0.47241257711402596
0.8538430148509409
0.37119991711766975
0.11341227646897234
0.9515111603857498
0.8098024482941807
0.486567670810923
0.8803403833739056
0.5559932575597413
0.4997979477645347
0.17989067715640805
0.6794267143662445
0.3890430155835557
0.7319907501044253
0.8300573409482853
0.3403956101923573
0.3526885467665961
0.21732421456659923
0.5830497930040947
0.5613588281692626
0.8988271087201474
0.06344010976409653
0.9610853539144638
0.27659055498615714
0.7013921168649545
0.18212894437508764
0.5805600677646923
0.5613356886505221
0.31940331757899065
0.896047655315084
0.5599920603279668
0.1157348372415169
0.4811429911090257
0.9793691056082791
0.5493549619165194
0.06476906307036578
0.8245632036412099
0.1416981120137527
0.5860074815775503
0.2855775803416296
0.4883569503358377
0.7483569191213891
0.8851427792750701
0.6723173088269832
0.7322811011870903
0.39020926469286576
0.11912136517397587
0.31835916571977885
0.4890676998623481
0.4715216300023456
0.6257599911472984
0.9664343698085832
0.8365945434072571
0.7784759607324439
0.3736319590077546
0.2724363805701684
0.9438428466079584
0.8281815894841459
0.761397483616719
0.7993566644371313
0.22384038849689325
0.5252931255371618
0.0007742569968648416
0.11661399036195319
0.8436673434843711
0.1658503447827464
0.6236952681237949
0.18578411506964287
0.2834470549878978
0.6894331278280192
0.2400094550831352
0.8635563096704932
0.31482125066928124
0.522929875349752
0.7662911223653455
0.036537694394484954
0.8480713123406363
0.28134715955657574
0.0014485184480468316
0.9963583051289883
0.1649458829620477
0.13930818255931854
0.8652941261680394
0.2571675766590582
0.14482769624474123
0.6160758950864886
0.7144088825901583
0.714799719473881
0.9804737162740096
0.16263234604120747
0.40654923387945907
0.24807840932025904
0.8278924143352572
0.1515558618241848
0.8297235093887072
0.5082939188767521
0.4751160958077958
0.9007956101732355
0.8402941545638022
0.3139393230300048
0.7865962367887159
0.07366291886547616
0.6156278943290541
0.32379696075541564
0.9052446950098917
0.7907004671280565
0.4238679030686987
0.4520072786280829
0.41791059797965446
0.11038922463270251
0.24627320404367103
0.014916187717337048
0.8253796856258611
0.20970406543404774
