0.19762817303472147
0.4755870524933453
0.9675645774213802
0.5746565026867917
0.14554464216814278
0.46722690613998663
0.9131569353567781
0.46841328614767785
0.8214943754480388
0.9924702885261062
0.9905981210071223
0.6798621865986373
0.021392197790580658
0.7458009509747362
0.01754277981671626
0.9911788790180661
0.9432424991183531
0.04257426943560605
0.8617391691482064
0.42904518399929437
0.6550531920650176
0.11850477754358868
0.0013853637839121857
0.8844228840732389
0.7283396571098821
0.00280277890973335
0.2422827339509146
0.32153665575276247
0.47590676331683524
0.07059836827498889
0.827758723033469
0.16970700381715242
0.4333769863221557
0.4787301394367198
0.7233960800180267
0.815742928754191
0.6889408788764434
0.013139076958975315
0.4509866033884128
0.9536177942533078
0.15726010572822924
0.8606665931195581
0.5906032208968759
0.076409723708046
0.6101852023024567
0.6922587508829582
0.9714338841268365
0.43769208499072865
0.694293293540575
0.9212376525687281
0.9319253466876151
0.6318053677156465
0.6199592145907716
0.8160698931324077
0.23178058329080797
0.8827989895192111
0.40962107882442844
0.1708862706307006
0.9730073889763688
0.5285205586643273
0.8648467288897245
0.29895634400424487
0.05648084819899524
0.47675772436209873
0.6999824133762869
0.10707855899534746
0.34391635386119335
0.7011776161693318
0.8488870637733797
0.8908195182675911
0.09748111224477463
0.9019930983534477
0.0774825308823579
0.17108634414200463
0.88014883198041
0.5896044584992858
0.7034008317666779
0.5942222558235615
0.9365349692860382
0.5848223066678853
0.7956334630943653
0.6876138400595125
0.2232798044089549
0.21275880839895478
0.1420468937873911
0.16027689800439637
0.04249659629577862
0.46070865532036853
0.4092534667934282
0.4469537836809153
0.5487129207597783
0.24012670268785552
0.7182416521169992
0.6687014240248833
0.999458740660727
0.6718528125353548
0.7302989837420564
0.15504996156649975
0.7619279145357238
0.4631497328884674
0.6996867358043443
0.9797505393117087
0.8796005749495387
0.2635509407045665
0.28907941858794906
0.22576406703144603
0.6092223299470729
0.6882906579517781
0.3355731982183311
0.3107387726140606
0.7464840827073
0.7463276855828919
0.8118893509643577
0.43517415759333744
0.6944862473239428
0.9419279006738507
0.9974744253947021
0.18232283831239937
0.7628877053915611
0.5448438729055557
0.5009006861903542
0.6311693384641752
0.71392971631043
0.9981255881195742
0.1965553266133544
0.9651966989258611
0.8442075286077806
0.6394933378202856
0.8498816784957545
0.2507739493668789
0.45048437465570224
0.9895351136810935
0.07635483538947319
0.2946277238357219
0.44664399685925915
0.017533909115601376
0.6077592086959178
0.660596939038587
0.18046685188314915
0.10835008724263384
0.7439271942517456
0.256979774373983
0.4517754836161987
0.6606303889068467
0.05900235293854572
0.619031040158145
0.6358945443469954
0.412260112376021
0.3441033845675673
0.7744795078764088
0.09382591030447474
0.8320064628153262
0.5052221837099607
0.03132180955220587
0.08413956067619333
0.015271157645186828
0.3860788843422477
0.5764223194188399
0.47898832758383736
0.008957950635570477
0.6024581870438889
0.9298704933968049
0.9329569225502898
0.7401454727863154
0.2990896906305086
0.6705286819542972
0.23332022685459042
0.46301776856323784
0.8470903842641293
0.5480029500936618
0.8723732681661593
0.7683592390658042
0.8140932738585795
0.9156146865431447
0.7684271357365938
0.17326783108381494
0.7012796701074665
0.9355224963397851
0.13732507637753266
0.9643725060502653
0.3484212912096981
0.7228579990110149
0.33620843870654704
0.42660778576036595
0.7435839110197566
0.8544827853805936
0.8021929288773977
0.33717696309311274
0.24202546556608495
0.7824878531647196
0.20555029735698294
0.20665884420098568
0.8444493107273323
0.7869419637646368
0.9164038285042475
0.22181039681025305
0.5589944649503751
0.7939635457985902
0.8053561930030148
0.5442250098563012
0.5380326107766533
0.06966743657288499
0.02433735829266337
0.08794487720612143
0.33257812112836116
0.37113115100364513
0.10623961878608357
0.44829637543927214
0.6902660546533327
0.3249334865110576
0.3011064814158162
0.9218133036889522
0.6954016006723872
0.9670039295819883
0.9027014352424401
0.06290187726426077
0.5244075452577783
0.16617865815664
0.45602322282948915
0.4828960243571493
0.2818390285405865
0.43381556013211475
0.8152173303108317
0.852823609926019
0.3928112995891869
0.27447585633314375
0.23723019585305305
0.07527322665368841
0.4467159181631496
0.3317892229445959
0.9084173173553854
0.7844698631626762
0.8004031693118383
0.03976214016391355
0.490025293971478
0.24224527555297393
0.34545083154714207
0.6465705124233929
0.8224754787769543
0.08479384612935159
0.27360442057993206
0.11281958941178516
0.7363215546731624
0.9732932919243351
0.7224983964061659
0.5902351301576452
0.7168589844768407
0.28029956846077675
0.15749533498789636
0.4473899840517134
0.006981931716412926
0.9004636716536035
0.6879244126229558
0.860146993609613
0.4757083149532474
0.817988342804894
0.39779485605867626
0.1972083387726371
0.5202680428204669
0.33959517774579295
0.7923281425640276
0.22485040612092477
0.1451091932627433
0.22063592330567694
0.5550020345056885
0.4217027115877289
0.4214787365995025
0.4917455976431969
0.8426943498003983
0.38112229207163373
0.3907917819243728
0.3173338604102367
0.38836753864083673
0.5708422913342905
0.35870953967902763
0.8124587244034692
0.5071838543852124
0.7350096049381054
0.3622278267319696
0.2897065466536666
0.7051468568289885
0.6010555411337207
0.9089121843988504
0.5155556962203164
0.17573747141580487
0.0522738155337622
0.1426923647119983
0.3927295234530094
0.4846340089367446
0.2125255402430859
0.03433405560576874
0.5705007881044615
0.2936090419310792
0.6413814670491911
0.9668303403737947
0.786616489192903
0.9866216553673826
0.9881211731489388
0.14614094773984854
0.5451484549993612
0.963231880647379
0.6154193553912359
0.3054709131799105
0.09945893837279285
0.8731373204999179
0.398473142745555
0.27406188020323574
0.3950221610787267
0.7076545473799776
0.96461885530829
0.602137031699702
0.2239386607473356
0.5191949142130882
0.7927479024359035
0.5545192841037883
0.34862527292658385
0.7093413319906925
0.012222861039051902
0.3000917896021067
0.370558801750247
0.8910205811060522
0.9284855001662956
0.5744583664389732
0.8459800435851296
0.08245586955780693
0.00309344074264295
0.7604168369780653
0.787807628511599
0.001886618758937253
0.017087894391750957
0.055475240331428366
0.19062548659230139
0.14993270655016877
0.6464547635571071
0.9592655351737073
0.08588419233618572
0.4193821684338327
0.12781418315065873
0.5533935825849619
0.1525621622057196
0.4760402683989997
0.4932914052508117
0.6916148778625915
0.26919169362278805
0.917154466706054
0.16711990550927003
0.3576859099554228
0.2350475404161032
0.3843692622487208
0.9097247139135346
0.5616875575188439
0.3195916099725533
0.11189957626382963
0.6424650349912345
0.14787836553756994
0.33371796438138634
0.08674964587141398
0.5428303951339721
0.396322632042584
0.10728044392198932
0.6272976164650471
0.3931793174922048
0.9822823100157922
0.3161493413124701
0.40825753784836527
0.530625921589941
0.10141014070763044
0.37122956231348925
0.6813942813875605
0.9689665454648174
0.7654833502995522
0.46719942289569705
0.06721629819928365
0.41399057031196507
0.48120364682449
0.4027615482734582
0.8023580907859439
0.5519039451621708
0.7853839208349566
0.2640094304588513
0.6049166620873974
0.0646929836169815
0.8197512188216589
0.9772264204333106
0.04504101396023352
0.7630298045126023
0.9997246102201033
0.9378219592886813
0.37818285303475463
0.68585386193108
0.8968462941009426
0.46065995608302357
0.5412165578833558
0.5301200617179251
0.9389559998531989
0.4377761115354245
0.8712178207063431
0.5576588138948539
0.44848517056219206
0.844289209045466
